AlphaS_MZ: 0.118
AlphaS_OrderQCD: 2
AlphaS_Qs: [1.65, 1.7874388, 1.9429053, 2.1193749, 2.32041, 2.5502944, 2.8142025, 3.1184122, 3.4705775, 3.8800751, 4.3584516, 4.92, 5.5493622, 6.2897452, 7.1650687, 8.2052867, 9.4481248, 10.941378, 12.745972, 14.940062, 17.624572, 20.930715, 25.030298, 30.149928, 36.590777, 44.756282, 55.191298, 68.63794, 86.115921, 109.03923, 139.38725, 179.95815, 234.7482, 309.52544, 412.70732, 556.71861, 760.11795, 1050.9694, 1472.2574, 2090.6996, 3011.2909, 4401.6501, 6533.3918, 9853.5186, 15109.614, 23573.066, 37444.017, 60599.32, 100000.0]
AlphaS_Type: ipol
AlphaS_Vals: [0.33074890793594997, 0.3176245938516668, 0.30507081572955763, 0.2930587500939144, 0.28156113818299905, 0.27055220886910697, 0.26000761048208726, 0.24990438304541146, 0.24022085751695724, 0.2309366171979646, 0.22203241187737813, 0.2134901078890125, 0.20671584202808674, 0.19986333854911828, 0.19321629200858606, 0.18676970146608854, 0.180518604094502, 0.17445808681226138, 0.16858328936376724, 0.16288942043860702, 0.15737175071738974, 0.15202562752788581, 0.14684647139206755, 0.141829787314956, 0.1369711601979053, 0.13226625859494212, 0.1277108384762097, 0.12330074079860814, 0.11903189385304735, 0.11490031358432075, 0.11090210093453698, 0.10703344664667522, 0.10329062467456197, 0.09966999673674358, 0.09616800739543795, 0.09278118563618838, 0.08950614261492448, 0.08633957156812282, 0.08327824527877133, 0.08031901676417924, 0.07745881559892201, 0.07469464947489124, 0.07202360025495691, 0.06944282448467555, 0.06694955146491821, 0.06454108161532182, 0.06221478638225825, 0.05996810532406639, 0.05779854630930846]
Authors: ''
DataVersion: 1
ErrorType: replicas
FlavorScheme: variable
Flavors: [22, -6, -5, -4, -3, -2, -1, 21, 1, 2, 3, 4, 5, 6]
ForcePositive: 0
Format: lhagrid1
MBottom: 4.92
MCharm: 1.51
MDown: 0.0
MStrange: 0.0
MTop: 172.5
MUp: 0.0
MZ: 91.20000000000002
NumFlavors: 5
NumMembers: REPLACE_NREP
OrderQCD: 2
Particle: 2212
QMax: 100000.0
QMin: 1.65
Reference: null
SetDesc: Evolved PDF from 1.65 GeV
SetIndex: 0
XMax: 1.0
XMin: 1.0e-09